18550
19897
16757
13090
19047
11713
17996
13668
11268
12906
15675
16971
12423
19597
12267
14220
12284
10024
14000
19875
16529
17270
11515
19760
15065
16557
14037
18864
10364
13233
19727
12103
11407
13094
18099
12408
15147
18130
19350
17767
18733
16369
19932
15685
15401
18226
12472
17899
10700
11727
10975
19267
16957
15386
17240
17247
19886
14306
11522
12060
18533
11509
19714
11825
17457
18943
11607
13794
15868
14625
18444
18354
12860
19069
15401
10005
15685
18366
16086
13859
15471
19316
19182
16504
16975
19260
14315
16760
18228
14927
19700
18704
14529
13489
12464
13928
18402
12041
16597
11156
16924
19409
10642
16970
13558
19667
11973
12013
17582
17459
11978
17176
18393
19004
10128
17703
15275
18258
17449
15311
11215
11527
11311
14350
11795
19689
11198
18093
15156
14216
