358764
716562
674329
656320
348510
895600
218884
898526
731452
406082
345178
539127
472818
627353
340371
891221
559699
269192
812009
471536
573605
841639
315933
304248
716754
663840
467627
574545
388885
620902
308777
816282
861570
428491
251034
768344
346844
214526
568735
783789
207092
876972
762598
326486
802951
527612
866141
439151
826215
780863
516739
317749
314587
597040
363315
876096
895066
539511
232257
535410
653073
755185
723676
322876
273892
837430
559976
713999
353445
281155
558096
302710
225421
689154
248065
433725
601355
739292
808933
681870
770716
471707
344687
512103
357824
305529
771485
405249
582535
844544
438339
283377
321359
780948
853067
419391
816217
356927
235461
565274
327426
693021
869367
383032
277972
842920
875754
413281
685736
384186
878510
365130
830829
303714
384891
262463
454703
888123
352527
530453
637927
577600
764777
256823
353659
793360
586359
212561
443402
397430
821238
765930
512381
894532
544296
574481
490741
435434
629254
889426
758261
530881
843988
356607
678665
735746
835764
548633
640939
312622
477902
812287
454404
334305
299826
565958
594284
734485
272396
230975
544702
466196
470383
731729
736151
876972
484076
448614
224053
860672
401510
758325
805429
694922
233859
845804
620581
323559
605093
622183
536584
593793
878446
833307
759458
207070
341119
292904
471921
393286
719318
325076
343704
267419
245416
250201
411059
478500
649185
298843
872571
209570
494842
688065
398071
238644
435968
644144
897416
619727
810022
806668
746149
793189
344345
897843
814978
485272
895664
291644
399652
805536
394696
367224
398392
402173
618146
880796
633740
784153
759522
440497
265411
269876
620923
318518
791480
471344
497577
684903
284317
573755
577109
397473
758454
519324
225228
632160
517252
255093
679819
388009
374893
753946
325460
251611
501144
268338
769818
354855
685224
625836
294400
510757
366006
226211
600864
361477
725257
449127
625324
523212
290832
732028
542267
461838
346737
627524
230014
384356
396896
899595
619364
779752
679477
268081
597894
594348
378674
860758
691034
275579
830936
782358
592447
868662
272204
860138
365066
500632
623422
474997
785135
436096
260904
437741
750785
338919
268573
420010
527057
524451
218927
498773
349429
636453
479547
624405
357718
633377
392090
571063
481769
518021
220636
479333
651663
495142
416186
350027
653372
791523
494330
698831
702442
722479
872806
631049
657324
439728
865928
445880
344046
744290
382754
829441
314523
899616
625708
846189
609943
328558
836896
787848
351373
629147
388501
889341
629468
493027
464529
571149
214953
261544
630728
417383
561963
303137
639209
348916
525925
847129
665164
401105
768109
757642
522101
365301
368527
782572
852897
503665
719019
361606
542929
296493
618552
527762
353018
231744
442633
587000
718207
795645
708423
409991
209741
874280
307794
220700
807160
225186
729978
615881
576959
528531
545663
300103
205169
576938
474698
570572
480380
413858
508728
736087
374423
879343
311425
504584
817136
772873
467306
523596
712503
492535
401681
308072
792890
360025
343448
839716
458099
390637
352292
572644
396448
217880
282586
529193
334411
331805
705646
220721
511890
540750
262292
777488
430008
315548
667471
522165
668112
425842
838990
771271
617185
727713
472092
798764
726026
511996
831791
446585
707825
472861
685031
515927
203097
805750
344024
524280
346759
794236
543399
761978
835465
695136
722245
533124
742646
781162
233538
214974
477624
450729
752622
420309
536264
663947
806305
297049
739420
714447
295062
849564
506464
296344
329733
616095
360730
675611
854627
786588
313455
525433
279339
795197
223562
534683
290490
772232
579694
449106
465854
289337
401681
554422
562433
682916
508237
360879
700412
389676
447653
898505
514880
378802
838605
582449
797290
715430
817563
857831
298330
439258
240139
383502
314224
693149
532974
264001
628357
885880
542886
489181
829996
423428
880689
290704
382092
693149
505908
775031
259835
235311
449789
842194
232214
886350
523148
849414
208032
328045
406189
829590
418451
727265
766849
723355
458163
500375
404886
634509
356521
287051
468353
868064
200982
667322
539447
460235
784623
306918
436481
259814
399438
764521
229138
870350
747473
746106
413409
812351
291580
739975
343597
615006
617740
817499
367950
696845
630707
633420
864881
844523
655017
510565
826557
349301
363122
743009
387091
310528
702399
802033
841553
865458
743372
479718
253491
454767
320355
453827
597018
383246
786994
809104
731110
785071
758240
598685
252230
352697
860694
480594
422873
639230
363315
313156
622376
693320
410162
744248
317151
336056
227236
678195
797055
639145
325226
355176
574951
314032
469998
527185
396063
370962
842685
465170
554443
357589
461410
681464
862787
636453
586401
502127
673175
310699
880176
573413
895002
357440
245181
436801
507532
878040
610242
556964
713315
624854
387945
337082
830017
313690
374872
805686
466965
381259
416421
709833
483713
297326
508130
298330
477176
590610
755463
830146
694473
697870
563800
791779
518106
795795
580698
658200
720536
724658
761957
381750
235055
663519
883851
743457
239563
866077
372885
450751
700498
216705
275409
816581
773365
715857
738587
803635
807288
854456
324862
568628
549850
386557
331741
490613
399609
859455
838520
517892
302795
610947
752280
817884
341333
792868
474612
864240
408859
830487
561237
745658
221832
576810
596143
430820
562241
871631
752344
773621
699344
864240
461026
593408
586722
609473
860929
614108
681912
296365
549893
897223
285342
418814
410483
452545
545599
547586
731345
361200
427530
313028
796564
895536
890516
257956
264556
269790
673581
570038
608383
206430
334027
253021
339666
752216
736899
346139
487665
728375
741727
451285
755420
249389
583603
577066
725193
694773
295703
359170
534448
668027
369531
666702
694858
827433
300488
353360
375940
722650
814936
863279
825040
522058
526331
250756
645938
564697
516589
523019
807608
421356
590161
765930
505075
899445
697336
661319
344473
875498
373825
856015
273764
790262
593280
291388
331485
490228
880027
753113
734955
450387
278335
550449
280023
362375
625665
884256
774347
622290
426333
513449
375833
702912
872721
878809
358209
644357
410718
794129
475680
347549
796543
763388
448486
805301
341504
233837
241186
554700
791800
844245
555618
585910
740061
377521
410397
491083
615775
277267
228775
488348
551068
237576
306768
504755
769220
625388
283526
452930
492236
244924
685608
585611
814808
403433
267163
462457
541348
687680
718057
313540
232855
210595
561365
533978
660871
237341
312643
293866
414798
250351
722458
798124
560126
862510
774219
880454
793958
737946
359149
265881
594840
229949
300381
286218
313968
295169
447781
582877
304290
293417
415610
481235
734635
732883
884983
771207
885837
569632
242617
578177
575250
720963
578070
458697
407171
602145
311340
805472
695478
745658
772553
395764
655786
412405
505566
267825
513705
454489
417618
259622
426205
338427
546710
394183
262933
288760
368634
746128
444449
260989
215487
773386
884043
403454
327575
849073
330267
317343
710730
677191
856806
374573
420587
827048
896753
302304
846018
670719
468118
394162
413388
357589
587341
556964
683600
810685
217880
452695
763858
279104
750507
844907
705838
330780
362417
308990
612378
220101
851871
715772
724274
214761
895279
247616
409479
516055
423749
656555
626050
257101
565637
523831
781162
713593
752344
530154
857895
410888
534064
896048
431567
262420
702271
201687
547672
823417
766037
245672
783234
694495
678772
251995
263296
559335
362652
484589
554807
890964
727179
678922
309268
611032
429089
750016
576382
836277
470190
386023
860566
696802
380383
787058
642029
560190
882334
258575
434280
346353
284872
218457
300253
566876
202157
727457
398477
773835
845014
702164
781589
251846
781845
820105
818695
538422
315677
476129
363849
606204
274255
799405
242019
392325
260156
890836
674927
708444
757621
689688
818418
516397
543356
429196
832965
603705
797589
290469
559869
643097
362845
713892
424133
770694
546881
677619
736771
267077
416998
702399
817777
275793
282309
892096
411957
343277
611011
769370
619299
615048
779517
315954
512125
872358
300253
576553
660272
543356
625025
436224
636881
673859
371005
530197
326187
791266
265817
395871
505246
746726
858985
526010
621735
469314
896454
332681
439514
717246
405035
881543
673560
559784
283740
605264
886884
274810
348660
556152
270388
496060
228753
406787
278357
694708
858750
358380
740830
429324
466559
666147
325247
848859
301962
640939
668668
782956
703189
736707
553162
303820
648651
483050
445495
494287
290341
772296
273507
406253
716135
460406
260968
243899
437485
691098
292434
556088
349664
602637
630579
872400
561407
626627
857319
866974
840656
538123
560895
484738
673410
766507
740808
714362
882633
426526
352249
742047
703830
578690
262249
871076
664566
578690
638995
640854
264257
224972
546689
830359
801734
463974
467242
879941
246997
662302
421356
416315
304120
605286
710111
614600
662345
331378
749652
782144
582150
361477
220379
598471
313049
332895
802652
595523
790177
697165
820896
812799
406509
591101
668027
711713
607337
740338
832068
283291
204379
305102
596613
534128
655808
727115
237362
484332
809616
587427
786332
762342
556750
834226
685800
430798
291174
890259
203695
627695
223648
798957
332382
257464
446051
419049
742795
816260
893186
326550
315655
685651
698917
333813
621777
879429
293545
285107
473117
477582
839225
437655
816837
231979
850376
488049
393799
278186
695841
852982
733716
637607
829975
363998
208609
244433
249090
285278
616629
381943
620389
414242
417981
562070
880433
674115
894831
433148
349557
257656
757193
649890
759565
731943
566534
889939
741300
263018
899039
551645
468994
770203
220422
317108
208566
469122
894083
315207
666168
613062
594605
768622
784452
292007
648395
859519
883082
398498
873191
298117
490420
420032
538785
728696
863385
767041
220166
257016
842194
596164
365558
634039
236999
337872
450879
779966
793167
288034
842685
383139
732221
272631
741150
558011
215209
845249
625601
796799
425351
526416
473630
899018
317044
744376
776462
813291
327768
386578
421826
775843
300103
721326
566748
280130
210552
498837
871589
361776
751917
591315
717652
733438
466580
781012
880069
453677
476898
356265
777722
664630
210189
524109
772296
582385
764798
699707
438147
674820
714255
681058
875028
710965
296472
769220
585419
316574
884748
642819
688342
220059
287350
246420
591635
623209
872913
702185
594540
481085
268145
804212
242233
425564
524878
404779
504712
516675
603363
651920
701181
456348
368698
487857
342636
448764
547073
367502
313733
541882
239050
706436
266372
834183
236315
417682
646665
381451
439279
546945
627097
687595
321914
865180
365985
414071
541028
728440
265753
492172
636817
463782
752259
672769
721347
591229
846894
397537
702100
740637
453229
426419
737326
473117
430264
605371
670120
366305
474057
709021
738138
672962
779709
442419
605563
812073
505203
636475
414712
501977
409714
321081
203631
894938
587448
810898
686847
222302
669415
287436
346075
509988
414798
512466
227771
273230
363955
756766
894404
250372
474634
578626
826279
584842
613638
536649
320825
414691
825467
770951
586316
679221
350241
537460
676615
801905
312194
729401
864176
559100
651172
570465
397922
593793
418771
314138
342978
284018
410824
433340
849158
424859
458505
734891
744889
334005
849564
383203
703830
339709
201794
867572
380639
660806
660358
297219
562988
638098
841297
658798
736728
526459
692551
320547
310934
707163
794770
417468
899936
529535
673538
201986
408774
741556
345157
894275
819529
518768
567581
816986
825040
750678
418493
648331
806818
394269
272461
878168
404288
353744
398990
501507
772211
296173
453314
733438
872806
762107
581851
380340
599967
880774
314203
651428
782016
549210
863492
445154
260156
884321
707099
594669
389334
608041
569312
206985
358380
374017
678302
780030
676508
796030
818802
531842
322790
586829
752515
226809
705561
867444
328430
832496
528787
355603
354278
292306
312045
793360
751767
547736
661063
322726
566898
594861
435904
469058
557327
709299
613233
241336
329049
624298
389975
208929
543698
695969
424945
563971
768708
740168
465640
628934
692273
675589
656513
618723
874579
457117
776355
516504
257614
634168
400955
372928
605179
318005
538400
387924
395059
892801
633676
884385
235226
354471
589349
533380
225976
611908
299569
639935
839737
734934
743799
549188
340585
583112
537588
381708
315356
400207
386834
357931
438040
508365
242874
320739
339496
686441
204806
615711
204315
566940
466345
238217
466730
635791
853751
407107
627374
269598
851893
374017
362823
794385
665250
627716
849863
200469
710858
303073
376153
797824
789771
453891
359405
346225
534256
698874
446777
544424
277459
200299
216342
613062
442291
284701
852832
755506
696631
764798
518918
730832
471536
572324
594605
823652
689539
360837
406039
244903
599561
888144
415951
248129
765760
437442
597510
695478
506912
486853
663306
858002
833072
486533
771741
884363
476877
752643
282180
722629
265774
637949
881073
629254
632523
487857
451071
749759
510544
841831
804404
405569
611267
389142
253085
871055
429880
838520
437442
375705
377051
611139
484802
515137
482815
216043
220486
205896
769925
517722
202777
568094
343426
654953
703659
370407
293203
620496
707590
521631
456604
560767
449618
743457
737946
405163
865265
608533
531457
283996
673731
678409
645212
445068
566278
525690
572110
427423
521930
574631
405591
402429
422040
344729
246142
241058
485870
731729
796329
616992
498880
810044
790390
304675
655701
291473
555939
282180
889554
224267
354300
397558
810236
466922
696332
608789
622183
521353
280856
256054
244775
859369
852362
376196
506741
827219
624896
418451
836277
762513
269021
670975
819101
207626
308905
357397
746085
554379
625986
613040
822455
503879
516525
899787
460257
376495
899744
869410
826322
855738
823288
434280
867145
300830
363186
255328
483029
712097
664993
306128
372799
583902
622803
822947
321701
828928
543613
499670
853559
608789
393158
437463
219760
854883
870670
308136
746384
714234
509112
840848
411850
504306
547971
491254
476514
611566
275344
402963
836405
817820
886136
620004
622803
688962
553525
260284
219567
610349
860288
709085
520285
603214
286944
742047
496701
706650
503601
836939
800644
759095
462500
683899
471365
564377
537930
853025
769733
376047
810450
329113
411807
584692
342401
872806
422937
542587
441458
817243
784943
310144
559122
460171
797803
358081
321145
260263
727863
210403
536584
697421
564420
861954
582364
406296
456753
755185
410504
742517
753028
650595
374573
790732
613467
874857
822263
774198
819272
681592
251184
674948
649442
708466
274639
824271
747025
765610
794022
372458
447183
239263
625260
397622
788468
345520
275473
562582
279339
817798
417447
279531
241976
763388
458099
291580
505054
472433
548526
230697
867295
614642
231744
661426
304034
507361
575763
269619
238217
289935
888166
205874
348040
288269
359662
642520
232919
304419
633078
854200
309802
515201
744846
480743
561600
414499
735831
682318
309588
283313
478393
745722
431802
222259
216513
751511
699109
530731
565787
261352
651065
567090
770523
834568
883103
574246
664160
233944
567261
805109
230676
829462
678195
332232
813184
459701
346203
375918
466901
860480
709448
535324
803464
519495
886969
456860
323217
766999
444406
224331
682404
361413
674607
804938
892438
379550
864475
635941
297519
270623
770395
885965
728247
583560
573926
775586
677320
226831
439535
391406
594840
270474
746448
778128
249667
749182
216384
542780
253982
376474
709043
455835
597638
328686
507254
583261
589627
308627
263617
733994
752899
648096
630579
657196
570081
758560
345819
273849
326507
689453
394674
576724
247552
303585
621692
583283
277331
728824
712995
776120
695307
495483
321508
714768
617932
818909
456796
553696
882184
536563
211343
450879
657794
758860
745444
600928
584885
443402
802054
777530
384335
851700
574139
719403
237341
797974
295724
244262
881180
649292
579117
424988
518063
486362
669672
512488
284039
584714
240374
339731
274597
824933
897907
790989
674094
892225
421997
871140
485678
673902
410184
758902
708786
614642
749738
278891
260839
738672
888443
776334
590268
898334
226425
529257
277523
258404
800751
782337
471173
675546
384549
636774
355710
782187
872849
680567
698084
834375
476599
593665
269940
232748
897138
812244
392239
776227
802716
486533
299099
357611
479120
416678
668048
660636
876032
400720
813312
267718
221383
379422
588879
237789
825232
412063
898697
563715
545151
467712
560382
568436
435028
666254
219482
549530
249218
853580
561407
231210
723676
845527
617484
433533
406381
224374
212368
717694
358337
423065
449383
817307
297561
280792
681037
714704
207711
404757
561194
871717
783149
522443
726004
274340
632416
258490
200469
800644
412085
820938
877399
871311
612592
530923
365814
892118
368292
580335
355410
647904
813184
651834
594156
657047
754651
785327
725983
246377
786652
325866
385147
855289
814551
536606
894339
328921
813269
311874
363464
709427
290811
674115
235717
585034
678815
489694
378247
805921
522208
487408
763752
226510
289743
814423
840357
483691
377371
813825
636389
669779
726090
258255
296920
210403
326443
223968
699173
605884
831470
739740
443402
546091
649826
394824
266201
257849
541049
640640
373269
494308
784922
370215
338342
825702
446628
310122
365130
840870
509882
708914
259259
518811
399417
656684
507211
579907
865265
720151
408624
475809
650275
427337
459616
427658
612933
686676
433084
272033
627417
574481
353830
823609
832560
675354
714533
514474
251760
310144
729935
719083
855631
835144
776056
624191
289444
247808
811112
653522
236871
382626
225228
206152
342294
731772
715750
318112
463312
875135
834995
506763
775394
253768
607208
406936
800687
471258
662003
358722
882441
257464
280706
355710
877506
878895
502554
613532
288333
230142
588089
367843
206472
390765
285855
261245
789557
582001
399930
728247
243493
307516
804874
338086
231829
712973
305017
504370
584158
248236
284851
221234
825382
667066
447632
535004
497748
548462
488946
311319
397622
774048
202008
206344
898655
545834
661768
602295
883445
678879
384527
615732
455429
453058
310144
738928
452951
558417
303329
822797
537268
518448
321508
861612
776654
325695
845377
488113
797953
273999
319757
438916
728205
321808
301065
499393
797354
670954
658606
687381
324713
695178
426398
885175
660422
702826
652475
779090
204336
868277
342529
216000
773685
415951
744803
436395
841681
492023
672919
692999
519153
507510
213906
514560
800409
487537
417853
724167
245950
611096
216406
871482
323474
675440
566705
887995
879151
469806
268017
425244
461005
292627
447418
884641
466366
496701
761936
798978
535324
696610
813633
774561
261673
322897
324691
253363
243856
457266
369360
204806
747110
233154
609537
306384
799277
336206
431033
522507
891669
588837
327234
540942
207263
653458
227130
676251
647775
638504
214505
499649
881736
841874
335287
204571
385275
215979
739804
267312
897608
488882
256909
212240
762940
825873
246762
440817
380960
465768
629297
233902
237384
516611
535004
786609
636859
644528
275195
785242
709641
741022
278442
385510
214505
502084
689987
401617
309076
704364
781269
665271
510074
512125
466217
464358
614899
899830
271243
820383
606802
824421
655808
314245
315142
431717
530518
319543
252871
731601
769519
852897
503152
725833
664075
800623
476578
323431
814231
531244
611566
227578
405527
352975
439023
828650
267398
525839
383822
387582
360473
487494
324435
844223
289251
202478
883082
534640
587427
593942
467819
352206
772403
367373
338791
536349
316125
885837
220272
623935
628912
305807
230590
747046
203332
533060
751660
711948
614899
508322
609900
643460
826343
781525
590845
329178
292712
584436
758774
347720
213714
460812
703510
715793
330481
763709
286474
837900
213650
678964
207263
693534
339261
684540
663434
746021
699900
504968
224481
507404
647562
370257
892737
243728
515137
438660
472455
855118
313604
592767
619150
815149
251696
368100
491189
603705
474805
523810
875455
217645
570102
414627
608661
893998
434900
373611
366668
829676
254773
465106
543420
232321
488626
616971
591293
586487
307473
491959
544980
869773
283761
607059
200491
803037
778150
260626
871460
569141
420737
776483
294421
784665
833329
524344
304867
559015
289828
726004
356308
225036
661832
806668
703766
275793
545663
200726
223904
291751
318368
771421
793573
592789
419327
853751
398498
599347
404181
280023
894297
837153
368121
397345
691355
469891
385489
236486
385724
794129
262442
841596
707718
280984
849414
719809
510181
698831
810642
720600
768280
801371
597232
603854
612741
615582
520904
706180
468246
513898
475232
764884
419049
604709
801050
208972
473672
726111
643225
376367
650424
276733
295468
367138
555618
268316
380191
291473
576682
534341
859903
822562
861506
779111
427786
212966
206365
501572
673432
784494
824121
878403
871204
850611
814423
840613
388095
880732
608148
228006
857425
566107
307516
856144
616052
896262
894169
879664
851166
505566
226702
587085
554187
399460
300018
310571
428235
719339
587683
885944
546176
855802
239926
646472
706330
569504
758539
785584
882120
828949
420929
472177
213458
624725
774988
553503
335672
369467
376816
729572
293802
442804
293032
633676
738565
591016
739676
203268
451028
640427
779367
675803
792868
534021
748883
893570
429175
850718
438873
752173
820469
416742
397537
876993
631006
568115
780115
561877
250201
774134
216448
554422
873874
780799
317834
822626
442526
283847
795688
586572
283099
790561
613382
550150
251568
679947
643503
617014
422766
720343
852277
724851
424731
554187
782849
882825
464166
609067
559613
346161
739890
444513
685309
412512
491574
294036
652646
274362
379892
311383
242639
211706
345691
780948
731131
859839
844672
601312
775757
236038
304440
801285
304974
359939
200982
598172
881159
651813
801349
457181
459552
443167
369381
361755
414990
383993
481427
753882
358380
581104
848880
653992
714490
651813
294442
419690
483371
227578
579031
852662
356906
891712
325952
513342
712546
385617
239627
452481
456113
368014
565424
718997
235376
361541
787656
653821
596527
570871
712354
628571
705304
206985
332083
438894
804554
701865
419391
411700
730213
447995
545813
435434
457651
247018
673367
873191
600009
501956
215402
567752
430734
237384
713593
797910
451883
681848
428085
595609
780243
397067
287649
683216
273101
788041
396490
740210
265561
578754
244903
258831
341205
887546
720600
297946
508023
886799
767234
294378
701673
780927
787506
541562
787421
487729
737390
294207
383288
256503
808442
708893
275900
708338
345007
479803
550812
832132
793424
378866
709598
521204
629767
359811
395187
584607
663306
535388
397494
517743
662345
887354
461282
266351
799448
518298
567923
668710
762812
404992
813163
409778
230825
662259
252615
272354
556451
477197
336847
619043
858600
822754
708124
789856
267077
610178
680438
349408
218243
389825
474826
368442
347976
759372
831919
473929
779154
489267
673410
351907
850184
424325
534448
737860
781739
671253
238879
678623
528424
631156
638995
800409
212133
586551
691974
267205
584393
402429
394589
664032
214099
350198
848218
289380
447717
314630
776099
491211
838861
292584
364404
530731
294165
543057
549466
508771
632074
798230
222537
738565
501678
394247
474399
299719
858472
831897
851337
657602
843604
725855
244625
282458
363955
752323
685224
852897
819550
854200
765631
477646
675269
313305
760804
820511
423877
448999
569910
762448
337060
252423
650873
685459
651428
815982
369616
512381
886457
467242
435818
887290
240930
666702
346972
430563
665228
378888
312771
553183
555853
375961
681763
264578
269406
783341
641879
858408
402771
726773
416827
810663
736322
890003
330459
774433
387219
342743
260562
405633
769306
347934
554401
604410
707056
208032
227343
606076
699729
659482
517145
706351
783341
574759
515094
755207
586658
381473
646259
303500
728632
757898
720685
337103
853879
213949
627310
582513
452930
417724
892524
718634
564633
476193
675376
878959
606973
229800
220892
678580
333664
770502
444064
550342
463119
542224
365600
424582
776804
433383
472006
236721
433703
820746
821302
797312
698084
474142
566791
408645
826899
581082
320163
462393
614386
701096
726453
702805
340094
408838
772126
889576
417575
435284
398541
745017
590695
266949
442633
219653
273999
711563
276477
360858
584543
690628
867872
518683
561685
267334
333621
573541
721796
569782
207519
419775
844928
718656
394760
489651
240161
618829
334924
452417
686420
624042
445025
572089
695905
634317
364895
759287
896796
835465
676465
400592
782123
339666
418963
300531
321808
837153
571960
719916
684625
317663
227984
345541
766956
771720
526715
675183
575314
230398
272525
352313
459466
753818
407321
735126
242981
626669
560510
234137
548077
271328
648117
802524
561749
636881
542502
614002
839972
474100
285257
512231
496851
655509
864368
366348
875562
249966
328174
316851
848069
211001
657581
546368
740445
788532
568585
559613
730554
823160
866953
706778
215124
432358
326934
635022
793125
548163
315826
202157
462030
815555
336398
336953
574246
510907
608832
280706
550214
490015
864347
594028
495334
324926
272119
663584
717395
539041
271414
792868
791565
599838
531073
411679
469592
478564
307858
388458
880326
636282
325631
279895
618253
545770
647626
602316
567004
408346
862915
258981
854776
575336
859818
607999
288354
533401
807480
704813
562775
363015
717694
804126
393435
229629
309097
755164
767533
816858
245117
574973
861826
260904
567987
334027
223220
295895
200534
338470
759650
369189
337509
843454
337445
836277
898548
881821
232791
294506
564420
342764
733374
464999
768750
684455
837836
882334
366604
715409
849350
301001
252380
328622
710431
378503
448337
223220
575977
543890
536157
697486
671103
611673
652945
848240
630835
750080
623850
560553
268615
663199
753113
322064
570380
896476
445260
546838
560916
424624
278613
342486
739783
431695
202670
205361
333343
742496
881479
877997
459894
214654
854819
753199
454660
850910
738843
859369
851871
340799
838456
211001
270260
791330
593024
359170
399374
855738
227279
526096
733139
420053
429431
758368
748029
456454
428363
782999
272161
603171
791651
800772
342679
879963
816282
301428
898014
298886
334262
434729
401938
879450
704450
421976
746491
727564
813056
542459
830252
787976
354214
778962
359363
529044
612805
656876
767597
869687
321273
561194
302816
807630
612378
265860
276498
458398
539661
559827
623187
464465
687616
204058
366754
683835
543292
404053
740402
717523
851465
632138
657388
285257
824891
784024
478842
608917
731815
503708
276413
612677
432507
861527
835636
299933
886628
619428
597852
215509
603449
667920
286624
253405
356671
468994
716370
718720
435818
789728
629553
503622
255883
760334
359405
886521
697507
741727
665164
713806
798978
436416
436716
573584
372607
227407
815342
320932
866697
779496
527570
563651
645490
487088
479077
868277
808634
503088
305294
395657
222216
833393
725833
725235
783319
731024
699408
477603
889576
874430
426333
394781
236102
264450
595203
787464
211471
724167
520990
208438
614322
736002
270944
362054
763068
600607
325760
208587
819999
651663
372351
373163
202114
511291
575464
818546
800132
720044
624811
291153
678024
726325
604666
799790
674436
869153
382904
436181
478372
238964
866034
897074
300531
850739
317599
416891
812757
213650
286218
570721
676700
232043
340777
456561
434430
521524
359128
416614
882120
575143
767426
706757
499200
563522
576938
473587
354577
703723
415204
648544
761936
880881
598322
718335
205789
457352
741492
681143
410568
653244
754331
247872
774027
333322
618146
298074
737519
884107
891819
749439
314373
515906
643460
550876
548740
673966
354257
257891
426504
693213
891883
300232
410205
580847
500033
300659
719916
661383
501038
254687
331848
468268
658435
530197
216641
316510
496423
796799
689069
240887
822947
443829
591422
433832
753455
596784
781717
667514
582065
491211
749567
734571
897095
213735
630600
791651
587747
469293
242105
840271
238964
884278
411380
329519
261203
804660
318560
614514
251974
598706
326208
755634
836255
423492
517123
592255
482345
764691
212561
875882
440262
309011
592468
396661
499393
358508
289828
887995
812436
846381
780927
743308
882419
663541
243237
229629
459637
655103
403219
632095
445474
296643
845356
413943
849884
409009
404779
226425
899466
821686
415075
252636
443060
443573
733332
320141
751660
550790
814103
266415
359384
550940
254303
491638
842856
332980
580954
883146
685202
562305
603406
845868
522058
330331
402365
723334
716370
317834
676978
343448
558481
381686
622440
573264
339090
424069
659632
817585
891178
453784
588922
445367
448337
298864
889597
578326
216214
479974
537353
226446
303671
503857
461282
704343
211193
286367
412448
413174
222558
264300
465747
222280
397452
305487
527185
835080
511313
676550
668219
473459
439621
277502
559164
865137
833371
302923
823459
468268
782679
838776
384677
417831
715238
654248
328387
727948
226702
298224
650189
334689
489758
559613
412469
213778
238836
600821
281262
757321
577087
423941
465320
344067
602979
778833
729123
287927
502917
272781
401959
698276
406915
290533
854584
837452
454425
684839
665634
408880
866803
346267
649548
661020
473608
311853
567902
340713
889426
422232
495996
781055
788169
486041
566513
457651
771720
461603
862446
297775
479803
814914
780585
777018
737903
363208
338043
887311
790155
463867
643289
311340
614087
257678
403839
887140
464102
225997
392175
297625
640405
871161
842002
669266
630621
479526
896818
514218
620560
476449
482153
400635
321231
632736
424133
585013
209014
331698
485400
691333
825724
756446
241037
671295
335544
406573
365793
529941
685629
503836
854776
851059
867337
795923
749396
206771
224972
217944
790540
585761
808698
420907
270645
824314
218798
726538
706778
374679
338022
717780
606418
395273
298822
424560
247915
696631
482495
313946
747495
528146
596954
844117
234606
339325
430179
291708
807587
600308
326080
411722
391427
416101
879642
439386
669672
418472
298437
893421
312109
770352
827027
490036
470212
866803
281475
627097
862339
667130
390658
747602
820404
442398
291238
442377
419925
272653
573221
700583
665357
278463
223156
568158
652561
820938
661319
523169
480423
854691
620474
427444
833072
668134
262527
564014
305273
895429
380105
619748
292093
534427
380148
222302
315356
555191
495975
791117
608362
433169
725171
411487
430905
491681
539810
391449
536456
887803
265966
510416
363379
326379
479632
219461
471985
736130
315420
302069
799448
692572
835529
555148
354321
622012
355410
599625
822541
470874
473053
779624
806925
274853
599069
460235
671787
412320
434024
482602
514923
776206
790305
786161
738459
548868
504968
657282
340521
614194
840934
313433
299997
491489
422894
782807
875583
225293
505289
788019
891584
515692
818738
894147
431973
323538
892353
329519
314929
634573
398178
239563
469208
317428
815299
882334
384912
459317
559933
225527
259793
314181
578690
354278
413559
547351
651770
449042
391812
411508
603021
242874
231402
337808
663690
417746
409286
776975
486832
748926
846616
374551
858985
657153
389911
414691
606397
877677
641431
416806
442377
405697
860202
219717
652689
727585
406082
437186
866034
297134
348233
519815
706159
366391
410354
307153
472925
230355
374017
804746
648715
894852
712567
270196
777552
827005
377008
243045
713358
697870
505994
802268
584479
776227
781589
386343
371325
883231
702933
459872
344024
567154
899573
261224
456732
307666
656149
815662
645789
708850
770609
648352
828543
490655
217794
281369
449383
737711
639850
749439
570337
815470
836020
618488
652817
412362
873148
541519
727329
817969
788895
236209
398392
296130
209848
418600
481021
462671
655850
877036
816089
326913
753006
221127
761252
506485
826749
389782
804319
574673
797141
452737
595886
849842
848282
290170
248342
686249
693427
784473
897843
375427
608041
808826
876203
817905
752451
746704
289785
374252
555939
226895
551944
555127
284445
508322
466174
359448
263232
599005
606589
720194
577002
343597
792890
267312
218927
263852
306405
366903
610413
886414
344345
646109
563907
442270
858857
863193
210189
672193
378097
832132
262271
722757
755890
260946
837537
767020
246975
713443
210403
234500
654804
353424
516910
384591
748627
481021
483456
307986
296685
520221
401382
290384
212710
467392
819315
222943
762149
759650
575229
693576
825425
372906
840015
743991
864774
608704
494308
626242
691718
679328
710858
743650
281967
250457
563715
210189
334774
650980
836811
212860
323282
308969
653052
211300
533188
623529
596506
559100
236273
331741
449106
281219
595630
880069
313754
791822
249923
859626
246142
786780
572858
614771
866483
795603
855417
684198
773642
526694
407321
484140
233218
490677
424603
492813
661490
835913
220422
345669
277139
480893
265753
300830
642713
677405
336911
583923
667493
689368
316916
471750
493796
221405
347186
724317
238601
481512
876908
724445
612271
312344
706735
234265
886350
275473
573520
628229
532120
622952
573392
811774
702164
440368
369510
885154
676380
696247
281881
361712
844523
281668
305807
500055
347378
374722
755890
359448
247894
614301
882526
337872
354620
317151
557733
702014
569226
823203
677234
468631
479803
502917
375470
246740
371988
211428
700839
399823
879728
223776
247467
237554
247595
835550
790967
796393
426440
263211
724530
818460
674393
628806
642755
388031
384997
263104
269513
434921
314224
611673
577301
664310
828693
378247
794428
222345
346310
289828
647434
856849
291815
217880
335052
782379
838755
839759
881159
709427
759821
675183
863065
446542
357568
681763
562454
535367
497150
244027
435583
627396
213159
240545
749674
662366
612378
523212
482367
757172
744269
493240
231317
265048
861057
608298
230355
314074
839460
204934
319543
484759
785797
670932
665784
235760
696182
251760
280877
637137
594156
725620
533871
220721
817136
331399
204678
806861
373803
884000
475787
316766
744333
661170
808912
330182
445218
296664
603427
497320
330587
263552
883616
564868
752002
382519
611395
325055
748435
239242
771613
747538
688535
445410
326635
803058
336697
827646
687039
238644
765290
378631
695584
713486
684412
655039
871033
854862
511505
656534
308777
743756
552328
270004
785263
889063
315420
313925
762918
700263
731879
866568
842643
417639
202093
612912
560532
309439
241742
294613
375790
395529
448508
397046
646985
806562
661704
358124
242831
438595
536414
633228
585248
311831
404245
200534
270773
893528
642478
641046
767853
494031
623444
277929
636347
795325
766101
709406
866590
721796
361541
819464
884449
812116
294571
601013
819614
702164
532846
375555
783875
677704
805878
244070
856015
406894
645319
753241
220764
211386
208886
511548
557947
785947
859433
839438
229437
425436
621094
588110
460235
368869
284723
311276
260775
519965
583881
324221
587491
353274
613831
634360
788041
565466
315185
578156
828714
681143
393884
548141
750251
772574
399801
845099
349429
402472
235504
739035
333023
849607
217111
474078
241229
226339
759351
200982
687018
847449
306277
672214
308969
259771
280023
383481
583667
691953
269000
296493
495291
633719
627652
327084
508621
503921
609729
833115
642841
816880
806733
286581
892609
306427
813483
264257
693726
416763
892780
541370
779731
519836
660956
322384
626798
768409
766165
293631
433404
444192
581339
531992
832111
310571
683685
853836
879664
329135
342550
739014
823117
549402
887546
513791
388031
731281
278912
227514
486276
209506
251803
707141
