461069
530817
543036
240994
396725
870563
206216
736792
755377
349942
721454
472925
475403
282458
612228
336911
870350
549167
320590
497342
800431
521503
225762
485293
715729
669309
808121
540387
805451
850483
867295
393500
537610
729486
554507
407577
223541
421271
227835
549124
691547
507916
490314
711478
304120
224310
719980
662280
803101
660294
751190
336932
217175
575742
216769
849543
415951
775650
210253
643866
545151
442077
377670
455450
427295
669736
298053
307452
562070
702249
362396
811496
410995
715814
509967
395871
500525
847236
431952
732605
228155
513107
301107
785541
405847
317172
737433
851123
325076
792569
368783
513876
477966
275964
896091
688321
718869
860331
522400
669458
800687
223413
355090
363315
770459
678494
440838
719852
458462
644763
242553
639636
445175
583539
517508
876758
240716
497897
406424
609152
260775
742090
692572
698831
533679
737860
740445
713571
622974
344430
773087
231872
699600
579074
497983
603427
548526
735211
840250
886500
643610
494800
493069
234564
675739
581915
344366
453528
367972
754416
489203
702121
762555
580655
787378
456561
313925
397879
875434
612015
772083
899531
792612
642328
390936
847919
230014
589969
645639
459552
362332
208331
493561
859647
671658
527869
863257
852961
322619
868171
405633
307623
698191
767874
291836
899018
455771
554208
492194
210467
712631
223904
420587
737519
520264
857810
378674
393030
236999
540515
584137
759522
658158
207156
517743
385937
813355
889448
273059
275729
489993
782358
343640
762747
592618
203695
831897
822391
397281
468289
713892
714469
210552
548782
244732
804682
792292
644742
838648
261822
351629
431973
608276
377435
775672
414221
897501
804724
800089
448614
292306
463675
381173
367202
543784
509412
278592
266159
887867
810321
808228
484738
296258
633121
574524
245629
242617
581638
541754
578839
218606
386130
253469
700690
284103
790070
659632
470126
786032
631369
360602
893998
230078
864624
427658
603107
339709
321615
409158
571277
386770
556686
681891
298843
328451
373996
756766
532782
434259
883402
298608
645255
838135
282095
868982
842301
599582
608533
451755
824848
408389
765695
470575
873597
817307
860801
557840
479910
836960
557755
784174
494415
677555
389825
608341
415246
871460
629062
256375
287948
861506
359363
789664
238494
488733
450323
871439
811881
464572
478265
490549
637735
361541
291858
552563
894831
706778
468759
896988
496808
712973
460556
350390
570294
330929
572388
674607
748029
258191
274661
519324
248214
888123
393307
838669
262442
833735
275750
881073
323858
210766
279168
611481
577493
214291
678345
575934
524472
673197
339474
367245
562347
417041
257165
701438
393072
739612
601441
464529
620560
693405
571533
738459
210018
599732
203375
866184
330331
408389
827646
664908
252038
891797
525455
846830
722245
607358
878104
357013
488669
813099
358252
887632
694516
770310
459061
477817
716199
518063
608383
458826
865650
553717
264749
653501
429217
803806
342038
789664
864838
219802
659738
536926
529599
783063
265753
725769
559464
453293
828415
258938
572922
544937
344793
374038
320590
865842
462115
266906
652561
402749
659012
635150
325460
687659
483798
551047
221020
229715
596228
723462
297924
246933
710068
657923
849073
281945
583026
674350
386001
436566
750891
491724
322171
709000
753177
439236
377286
868534
646579
502982
474399
451904
753519
467969
751532
215594
542480
564569
760013
428726
687189
278741
670996
840635
801093
335565
662430
507660
394632
615497
608084
213500
451605
412320
440646
767490
571875
792868
510672
615198
277096
767127
213308
745679
826429
328643
504776
729807
739057
674414
880134
873960
270559
663605
634787
623679
339602
824463
580933
501294
652304
669010
341290
512274
720941
624490
692017
204443
823694
641452
476172
314502
302646
487366
360324
686142
746662
785413
855460
694409
256118
707825
574759
360388
336377
483008
349472
690607
416784
426034
275259
725769
842173
451562
210638
332980
533701
878895
599304
625836
365857
788404
838648
546967
556601
338598
465768
397131
317514
503387
383267
345434
660614
338855
296557
504904
409009
638803
784516
407962
308221
788596
575507
265988
384698
476706
250436
447546
549017
773066
844886
859412
789899
833948
872251
865009
456732
842536
539404
724466
676679
444556
577237
290768
303885
488519
257635
846253
647220
829654
218841
214056
273806
607337
671082
328622
734763
754865
604431
599817
310421
451413
470575
454895
821814
575272
660571
492941
405142
267846
350348
435797
796180
367801
235781
810151
621649
524622
429452
245010
444171
251184
540665
219119
857917
524322
210766
742261
481576
793338
825702
205468
345819
605222
377478
383844
521930
706351
396554
426932
388330
229992
827091
420651
282437
228817
366690
455215
534021
361926
542844
383737
527356
395807
247616
205276
789173
328494
702762
657410
248748
296322
576767
452096
767511
372650
526138
239669
584906
718122
382519
635022
677191
791394
557477
890409
776270
880240
687103
249517
645426
462009
787998
866761
858664
852897
746747
326507
480679
355667
614621
646344
594263
564825
329434
799128
572131
838733
636453
337701
239862
298309
330160
757086
426953
461282
688791
678345
352826
571576
323581
888379
444769
433319
414520
620346
634381
708615
754416
408645
629852
788553
273272
603342
610498
296792
664951
377905
440732
835401
887696
315121
750251
731601
760526
804981
477240
395764
727606
739633
521674
549146
612036
639124
405206
431247
531372
692594
385125
646088
496359
649420
818503
256674
464999
444427
724167
487045
873917
791629
638675
441394
518491
530966
513855
699494
204080
462329
552072
897886
639935
651300
626691
856229
897757
240823
584372
457992
606888
753519
575913
845249
307730
218478
212838
736493
335522
807630
596378
227215
356308
515350
315783
282394
626904
666168
662921
480380
800644
484674
659802
717502
851123
712226
646216
332895
635407
804554
624213
362652
568777
494971
206152
282928
633035
757257
363400
551346
889853
252743
522635
205896
721475
496039
306213
830957
670291
423556
864005
549530
599411
599454
393179
551367
845954
543207
492898
816175
789002
313156
451092
541199
804126
330716
309588
232833
626135
779111
305124
671381
792441
861484
732776
608490
888123
652496
328451
306448
565445
227813
718079
879087
558929
205960
329327
243109
568500
486874
713806
839908
331997
621393
275708
536478
759372
696353
454361
765546
250329
569290
757343
513705
567090
537460
691034
417297
584372
575443
385446
275195
688492
525476
460449
238067
347186
475339
629767
883231
422296
207775
390338
534811
447140
455942
593152
438211
340371
649399
842984
748520
278207
784879
623721
742240
496957
706137
496017
211471
347699
227429
764478
750315
474997
384997
260818
392367
441458
850654
340350
609110
570166
792292
638291
228540
326614
315249
782892
882996
612335
669223
212368
646088
891797
354876
492322
467776
624640
714832
880732
767105
824955
642926
637158
891883
519815
296664
223263
504755
728461
446799
891349
205020
234350
548718
407855
445560
671958
369766
508792
254303
299847
557050
733759
419455
282479
680139
535602
748050
752024
632779
412512
257101
672363
428256
859562
406787
477261
772681
386258
634873
504263
850589
497342
302047
496509
607208
683557
507233
894062
461688
419049
282501
686868
836020
312793
226702
251013
733374
510352
387604
440433
551047
393115
551260
755506
661597
472070
248812
460940
247103
722608
339239
574310
520691
457373
678217
797611
719766
284317
631796
513235
805216
746256
444769
716712
651108
289508
422809
607529
559207
457757
837879
410547
582620
658627
216256
649399
693042
899488
518619
343875
675846
439514
771271
453400
387625
254815
258425
338000
660315
763431
534363
559164
586316
607401
765226
492108
569205
538272
859562
571512
574097
703382
597189
442419
862339
279531
815641
738352
244519
350946
463739
458505
536713
778577
481192
465768
353830
357376
614386
877442
224609
808591
826941
770844
762876
803806
414862
575143
479034
867872
885709
871866
866419
457181
810727
775458
846894
360687
609857
816111
809873
819977
578583
896583
429410
815726
316189
344943
693576
817221
364767
435049
630322
441821
218350
296685
564676
321188
511505
587277
291238
321402
746790
246847
496402
613446
370556
708487
714875
541348
856165
785755
754779
384485
504434
809232
275494
261288
620239
633890
653031
570850
775031
289315
316958
319543
414349
494522
293353
529663
619855
609345
638312
676422
885303
344088
296130
250885
815619
699686
666767
395102
208758
659802
216833
206771
429452
506998
718378
859989
534277
584906
550278
239093
857596
778086
545941
332574
517551
731494
622397
283676
851551
481534
774604
844822
540536
820597
769583
832538
731729
266607
224908
829932
318710
560062
405462
333471
388672
759778
323388
790882
796030
259729
375192
727243
871695
598621
500525
306063
527463
484119
497214
822071
465042
503473
676358
372821
548740
742731
692658
605841
651578
786182
333493
588217
233902
717780
802011
395636
264001
696823
477710
267419
240182
529385
489566
424902
223434
307559
785883
699558
640405
738330
635043
868085
665656
734079
341717
841105
542972
686292
613019
202606
254751
594711
558630
446670
599176
773557
559677
308627
484247
606824
490378
837452
698233
274340
227087
806092
265860
220849
629041
506998
549658
489416
725043
829291
405655
291708
490677
264663
353167
636368
750315
539041
467648
587854
488284
416400
856165
477368
603513
272290
625025
537759
392325
483157
698575
584415
693299
829163
798828
413858
678879
756659
845292
242019
828202
697656
584116
854050
465106
792911
706201
687488
296023
715686
663605
720685
432272
442911
643460
388565
830487
770716
808890
297049
236380
621115
366476
558801
565595
436865
769092
721369
206195
311212
214334
610220
677426
749524
547009
358230
328708
309588
425757
343512
213500
817478
762833
707633
722309
406039
496445
475851
809403
472476
305273
851465
797226
502277
724060
806070
293267
556323
370279
737454
603619
767725
340628
217388
377478
845633
887183
700669
867167
832837
632416
617740
437955
513748
532355
722501
312002
820020
447461
817350
480978
430456
330438
827155
771399
711991
890409
644144
697528
299057
342892
515649
485699
857596
304910
596335
404971
431055
644357
737220
787934
815171
543634
532761
576489
458163
286154
698468
276818
733481
725662
200534
857767
581937
547522
709641
277353
369937
881351
200363
871354
460919
574332
568777
588837
646622
784793
589221
208438
635278
805130
483093
220379
743500
273742
620603
608106
888785
885026
328067
314074
529385
357098
322256
524237
448572
466601
743799
855375
630216
209677
411423
279724
722180
798807
469079
271286
834995
554742
547586
308242
772126
802994
412875
715793
339068
833970
822647
883658
228070
236636
463248
843006
525092
664694
888743
536713
536414
844565
233923
567667
481256
685031
223391
859391
347442
597467
248214
313199
657218
686164
232342
896668
439813
618253
760526
347229
657538
632352
489651
725855
682810
295596
315313
204678
272332
368249
315570
223370
235867
885196
343661
298288
245886
813932
791715
719019
285705
798316
397131
816623
682276
347271
213757
437826
220935
778150
819358
709748
588879
373868
481747
529321
544189
763324
254943
262078
657239
484439
627759
684305
621671
339132
596036
253149
881308
699793
581189
439172
370343
676251
466238
505460
713401
303201
471515
567752
282479
256802
342102
620154
357525
260369
368420
360516
487772
488135
412192
800046
400271
826813
459616
591443
253021
203952
273443
660059
479120
642841
266052
272268
719126
752985
465234
225463
488306
815897
394653
494330
375769
675141
240844
317257
822242
690521
528574
657816
773514
265219
676465
225271
256311
705796
654889
388629
773429
624042
517636
368719
565253
440240
629831
842579
334155
697186
863257
844309
379016
244241
881586
497299
536520
701053
487045
761637
676123
859925
750464
831427
545706
736643
696610
466345
214547
328708
766657
891541
610819
890687
829783
350689
500033
786032
465491
346289
601932
724317
488776
451498
691953
643973
840101
528296
384848
249218
811539
835785
646729
861057
231723
663498
633057
291345
580762
673752
898655
799683
457437
487772
577429
842066
470425
899381
278186
471088
775351
851423
393350
896796
729700
658457
267932
767725
687338
210873
525198
481277
704514
844095
695947
283227
379358
307943
748584
665164
896497
719831
766550
619791
899039
736750
369958
863172
559399
230120
528766
583154
571085
597916
263617
423855
633228
298459
682105
264941
249859
240353
446414
305679
815598
412811
720001
312622
609729
290661
889789
640747
570743
498773
310635
586978
572708
769818
669437
485934
576041
780094
415225
306918
373782
297540
352420
461624
405996
326635
644016
382007
863578
284060
621713
577771
853708
590033
549573
232363
448614
809381
638419
247680
389782
626691
657623
296002
869046
790177
341247
489139
458975
808335
435391
423877
813910
333984
383694
613083
713999
320013
897608
462179
473779
381067
408710
599774
287201
345776
649677
222387
231146
333685
560703
762406
899317
341546
768622
238580
488028
672876
635172
798465
606204
695777
321487
512424
531244
762790
365857
328152
582599
577536
721155
745551
635129
242446
849350
220764
443765
771891
719660
659525
401831
505075
807181
508258
304419
303158
239135
403219
339004
664887
285363
486404
475146
845249
440091
347805
374978
611353
591635
303564
896540
719916
727329
269085
211642
651044
469998
536755
310528
882142
393329
717481
814551
536884
412790
455386
769477
493240
698981
275387
740680
685010
410376
572409
682575
281433
392111
602210
603726
678986
238174
382947
899915
389868
763196
366690
276776
661618
881351
390573
733908
412127
638803
466836
732541
714362
796863
720899
718292
215402
212454
237362
721176
323965
313092
522720
204635
850867
412918
744632
885389
736835
866953
256802
296237
651856
610156
469079
613275
400848
478500
571960
219760
519366
258618
875049
228475
294613
863065
568713
434088
895109
278100
868320
817969
244305
280792
350540
576831
222003
672193
440988
297326
227963
823844
862531
648374
492343
684006
203866
413324
367181
740915
317471
533295
283227
789621
306448
884321
306598
499457
509625
659375
479675
228945
844309
277908
780500
885132
615881
294101
285128
574033
254003
826194
367267
839096
884342
478564
319564
634937
795539
378460
731067
632459
810599
399096
204934
203118
822242
891477
751190
578476
201367
496124
438339
732328
438254
557220
538870
882163
325653
410675
852448
856849
243344
368078
641559
527356
253384
868427
563672
747452
865458
619577
634702
801328
281689
401126
807630
604752
480508
650702
601099
856955
548483
205596
862168
289999
819956
421484
597595
712290
433618
340222
358017
793509
665528
428406
209484
487601
847663
558929
276733
540536
631860
657004
292285
780136
307986
882697
536285
534512
336227
672107
600949
676081
202413
508493
464145
838050
556088
845719
306768
400250
340478
655765
757749
291217
573947
522037
701608
203204
892075
850483
632587
867423
509860
820362
289785
385809
213543
546539
657794
566791
241186
875242
467200
361371
461474
484845
779090
746961
510202
814231
788318
255242
693747
289679
529449
591507
618894
273123
620346
841938
558331
702783
727072
415823
411444
848710
885090
419732
569376
654740
360879
510352
244113
588944
288226
522806
370855
374124
563736
421591
342721
820768
736087
870777
587833
733780
272845
770374
247467
815256
239968
355902
565103
234970
377777
607764
445474
590460
607977
567624
393286
828757
256182
808356
590610
651492
524237
654675
222622
875092
696674
201196
610947
768409
615753
324777
364020
439172
609430
538144
503729
591379
206665
481598
777851
725513
824292
699665
217688
703382
460086
799533
650040
449426
276199
438296
323089
610519
607358
535687
855716
345947
678345
359363
669074
669672
564911
479483
210467
416400
782700
239477
528531
253811
838456
439920
208993
412320
527975
582343
230719
554678
414905
669971
751190
756937
375277
412063
780927
823011
341568
228860
855951
404245
731110
404074
768109
646365
392987
681592
862232
735361
757898
853495
359683
564227
725278
436096
517764
792591
772104
780948
484012
320846
817841
717758
655252
650916
529663
275943
700305
355389
602701
781675
756018
326913
399161
477710
656000
229736
281326
562134
801178
525327
522272
493646
231808
293737
228903
259750
410290
322961
761850
355026
473971
287820
286132
366134
867551
890281
737519
210531
414285
483371
538507
725940
235504
550235
648609
656983
277566
460385
783127
736493
456113
774924
784836
707718
576425
422745
783020
684903
539554
719425
424240
398520
593793
850888
608939
722672
340307
593387
318774
330908
452865
492108
368570
277822
220806
569931
367395
252999
474441
388287
723441
704450
802716
832218
876523
877955
621906
641089
693170
669885
705475
657346
408154
539703
733631
414691
447247
379336
672620
737946
715366
686399
842856
476108
684390
637885
785263
341012
565381
611267
885218
572794
699237
250158
563480
504562
850162
320910
493561
747965
736750
857511
554785
671466
684390
341247
280429
293310
233966
312494
510458
661020
590994
560809
407962
639252
349301
491061
449084
277929
874280
211621
645297
282608
279318
842173
407855
758753
780436
387561
513513
651920
663071
774839
281112
355880
545578
700220
218093
510117
773856
382818
446670
859092
731281
572260
268765
594775
698554
206686
379294
554486
247659
268295
486981
295852
804404
733374
852085
220913
763880
263211
500781
370941
593280
233410
624960
464102
706265
348019
327340
497919
443530
735468
220977
888016
543741
573285
342721
765354
639252
438403
889875
403839
461005
529919
639423
800003
487045
561044
859369
776612
218948
467563
471258
732306
320440
729080
773728
808997
502832
750443
585782
498880
791523
399844
819977
762961
857746
350753
744162
282949
850354
724338
741620
218585
511633
679456
828714
691910
711713
546860
639722
570700
685929
754694
637735
572730
709448
542096
461624
262805
693576
507681
467905
864539
238195
789835
277139
258511
424518
325930
384292
488968
282714
886863
642221
850611
818781
334262
277758
377798
434729
496808
250030
307495
227023
813077
709812
238281
897117
337103
669800
257144
658649
254238
345071
655808
375833
803635
672833
308670
817179
854456
471216
734143
359106
332831
446222
811240
423514
446072
506357
373248
384271
501358
294122
450601
426291
265518
594028
884406
392111
363080
826258
582983
500055
559100
785520
442953
368548
323837
434238
206729
830765
826365
309845
478650
774070
853409
555106
471152
488818
501016
431183
603278
260434
235226
522635
523041
789643
769220
393777
275900
474954
453421
205896
790732
341717
525497
454361
205661
452374
217431
635471
405441
682105
466025
802033
691953
894147
324179
517166
660401
799512
619556
565787
402194
835144
357611
533102
507254
844907
415780
409350
486981
698062
725833
730426
890088
329391
591144
313583
732968
535196
235739
797525
416849
609943
632202
246505
352975
457629
405057
427594
568393
462329
856571
220614
613745
452246
412021
469934
844971
841745
731131
437848
201217
285748
882483
668518
650168
630750
428064
822049
823288
896753
414477
288205
212411
874921
718057
638803
649933
274810
240353
228454
543976
705860
501251
302923
791010
627417
226382
324414
337381
351715
375598
473331
311554
234179
209869
235632
299505
735297
342679
535516
784409
788681
373761
422275
223007
359512
751084
671424
780457
827753
658756
408688
695285
680545
877250
516910
596506
448251
612933
634702
344964
368292
743906
706650
420309
511377
378824
894190
525946
854456
575806
306555
333471
534512
718036
261309
638825
768109
693170
633655
751596
870456
673346
604132
889896
258746
442547
763645
502042
774176
568393
385830
587640
506741
365109
825617
239178
757279
544638
453421
376709
521481
602594
484674
697037
829633
236145
813761
709427
326956
440603
311746
679712
228753
281540
297433
754715
734656
389462
441009
388864
736536
773728
509732
544659
404245
502661
714853
289209
283676
846915
769455
758432
691547
532590
216256
411017
641303
801328
835016
843796
784153
524002
388757
790540
500375
465170
218179
376089
624384
444769
543848
247573
538528
794385
385147
854712
419882
254409
455878
500867
874216
309674
745273
237106
241677
409735
244497
220700
708615
371133
327276
510266
409714
708380
344644
719232
854969
390381
242831
299655
565872
269577
863791
878147
755207
480124
637756
515778
234564
752536
327063
213970
484439
341269
530795
638098
870755
212304
809552
280749
742646
687595
539639
336548
295489
693128
556238
210296
833948
207775
794663
830487
518982
859327
689432
389932
233538
665100
340115
385275
251141
263617
803720
277716
241784
534448
822754
746149
799576
552969
248385
855182
826236
276989
468075
709705
855246
812030
897223
517593
350732
352292
743885
633014
465427
343918
206152
501636
292328
367865
511591
379977
894233
488605
457971
250671
245544
766336
764777
505353
370770
578796
594840
217453
714148
750080
355432
376239
424603
633206
738224
204422
390509
843198
207583
231039
408774
287585
496295
241378
522293
291302
618509
876032
510437
262847
858835
500760
266864
498453
747367
319223
648886
771186
579694
250308
533060
501935
291430
641943
861036
359192
346695
743372
210382
584222
549680
607742
374487
788895
739014
846637
885987
722693
674008
608960
268188
456027
272204
805323
448807
876651
307922
350625
620325
845932
530539
845932
781418
312045
212667
472049
543912
826856
886927
216470
839353
863428
880967
405655
409949
480871
310357
864261
317877
833713
538101
873639
657794
472241
660871
351053
606268
531201
230654
521802
693341
453207
271862
605863
229650
544211
602637
691120
674500
707462
220144
315100
878275
453207
859177
826728
584308
730854
883252
350476
224288
780371
617740
624362
791416
349920
684433
534021
226062
476706
446713
514368
598087
577579
525027
340991
820020
446692
391641
483157
375918
706650
604431
740018
699857
510416
688855
732285
288717
740595
827497
870862
283398
303073
466687
674777
503110
761893
599432
759671
566855
612164
734101
469293
786609
737946
808271
271649
666660
252081
456924
891456
893143
764456
294741
601355
348724
376217
421441
842942
336099
346182
809766
600436
545300
826600
885602
897907
348831
215359
859263
542801
459167
420950
717716
286966
332809
387625
836704
727457
355560
477304
822605
618765
693064
755249
542929
518597
241336
376196
655252
238815
861292
718100
293609
623508
731922
560126
422018
226147
206387
651920
714212
207647
505417
370834
569269
327127
432443
314267
522314
747473
844608
523746
659610
227130
364425
487793
697656
520648
466067
420267
435477
559314
621030
861206
339453
733823
237106
797162
270346
851252
675440
447504
311383
887739
279937
513919
307431
708893
203182
539917
673966
880112
663584
777124
385830
738031
517807
405249
304547
745764
783149
702741
754181
403219
493903
414755
804618
834461
226532
315634
771869
524387
277566
712439
694837
326037
428833
486703
497662
610754
884534
320996
897416
383139
814124
507489
265945
832282
385766
885111
506015
741577
624661
302304
350305
228732
680353
352334
343234
237939
837793
277801
714746
256076
356180
391449
305423
574844
570209
210083
852384
370578
237918
248321
295233
723761
569717
669351
411593
350134
622632
839267
541434
865094
494586
682041
609665
253405
702741
881928
606375
466067
480316
730319
834012
816217
876609
463589
580954
295895
693939
589264
230825
785584
246612
847043
266949
678473
275772
401553
781226
291131
504669
514004
546988
882676
568799
789365
664951
454169
805259
745914
641986
350091
735446
604218
311575
634082
426013
442312
356051
360217
461816
713935
839118
312408
815747
476706
308883
533209
649527
527270
480188
714255
729978
789942
855738
670120
695029
556088
895749
567303
554016
721005
394824
230612
756382
514923
276242
698297
413473
475467
762213
348275
607529
658029
530240
667044
472348
231253
814316
683258
680139
754138
560681
737839
618573
382092
597681
212518
392859
898420
828458
788532
236956
818311
706607
557605
768174
662195
303628
356927
869922
645212
327874
649890
836597
779966
504114
524857
565360
438959
273315
233261
428598
374103
521844
639594
212304
739868
499628
304397
253790
216897
536435
372864
863941
283334
515842
490420
667792
830188
516312
817328
448144
268188
578284
364254
526480
322470
407470
420566
365494
662494
872913
497299
327810
363528
409628
456583
274939
447012
785285
449618
541177
696460
639829
434750
666681
395913
357995
697763
724039
387454
883658
246292
622824
695285
435583
799939
826407
212689
433938
648331
565466
398926
796949
798743
482538
583112
816880
685309
892075
821665
475232
261480
490228
606439
205746
447995
698746
270282
265347
557755
877634
386877
521994
769968
790561
411871
418793
574866
457587
262100
624042
561600
479761
479654
526138
570401
669394
477945
783319
881565
771228
316339
886927
862574
408047
600501
248086
345755
635599
355069
467071
257870
741129
765738
494437
773856
369723
637628
543805
516376
613062
566577
865116
673261
844779
270474
738138
754438
336911
477496
595566
360580
741770
817948
734699
684925
273635
216705
227706
520627
874622
333215
689218
794962
298993
345712
311062
502896
200683
426654
323388
861164
757749
806369
891434
555554
318817
471558
207412
302389
705454
595630
387048
296942
254922
647733
329754
369916
437848
677512
852277
424496
434964
522144
854712
475253
607550
332809
728760
661319
445581
867359
867209
555298
728418
246121
284124
240097
382028
317471
705326
375171
567303
430542
838135
224588
883829
861335
880198
668305
223391
689710
576340
668689
457779
473523
383352
514325
294976
817435
251312
312793
588474
882612
681742
754224
733737
534811
571213
217858
436416
377115
700113
843049
486575
564825
376068
836896
723462
348788
290939
340222
724893
644486
501379
223883
705988
373504
291815
837195
461368
774369
729380
380340
835315
729615
570401
622760
654270
805814
327533
739228
605884
453805
256887
285705
699301
465469
774903
486533
690714
734464
863834
355154
608811
517422
875690
620111
264428
342550
393649
778171
478650
862787
360495
846338
713913
599924
833478
835080
742432
476898
774860
413943
336248
285192
337637
892182
413367
583795
855631
785605
324307
777146
897608
392004
313519
568414
394461
346844
339837
435541
699280
481000
790668
626199
689069
752600
473929
619492
568073
774774
222494
650168
881843
411123
495099
243322
701245
760889
608511
255520
686121
305572
584885
569931
287799
239028
649228
641837
399759
452844
760804
641666
716007
898761
813099
592532
306384
300232
386941
848645
468246
634787
790647
612122
863962
259259
572025
634616
603406
899616
536371
500760
881073
877250
354941
840378
526907
493860
698062
866312
680524
346310
677768
884577
848026
293972
333535
874045
450601
849778
746363
582086
724851
717438
314908
633655
783576
646195
778385
299890
896753
325503
520477
523959
502063
590888
638825
850376
504221
463504
614002
254943
872593
594797
663071
322256
296344
538443
211407
467392
806754
721134
467520
448913
325695
734400
535217
569995
549979
619214
647455
814295
530795
265112
556216
513962
557605
796030
362780
496146
705988
264321
222879
205148
458612
825232
610968
847022
558908
813419
278057
753604
206750
793573
587576
312579
555405
506763
763346
560767
619278
384891
434408
887375
751853
654355
310827
244006
503024
501657
574951
308371
415268
822092
422445
298736
868171
423919
437506
785648
530539
409500
736685
598108
829398
305722
765610
670868
795475
664993
682981
329989
594476
609238
416272
563074
203204
838520
523468
471664
340542
576105
245330
752045
512018
371945
382284
401916
577728
636517
780649
499243
702869
826664
762342
550662
500311
355624
682553
556024
624341
548868
349664
585996
625430
317621
891926
519665
524921
272268
205148
838904
619257
247082
465790
826578
673047
758390
343896
665228
710559
368100
200256
283249
364489
874259
601996
745423
392047
400699
741193
334604
517252
307580
890793
221597
708936
394760
782166
669821
754032
619620
838733
572067
335138
601654
250030
865714
772104
435306
220614
823609
836896
383096
778022
367566
400805
870990
874451
200939
824036
357675
666211
307580
446350
899744
305658
513855
688599
784815
429623
860608
824378
854029
778983
581894
431033
386322
733737
437591
879749
765952
297689
896390
373761
505310
417575
216406
494116
544980
470425
320099
562540
602701
204208
710260
580655
593259
465469
224310
254943
491232
898847
873426
866675
758240
852555
663455
296664
206878
274362
444726
563437
422937
532227
487237
685138
317920
544318
628400
523575
433703
752472
690180
320697
571341
523553
312344
586060
565488
813205
498816
345306
376901
476214
424069
508578
224438
857959
896241
568628
428555
751276
324029
287500
288290
553183
884214
881800
563458
505630
236508
565274
484012
655060
482858
658585
858451
714618
617911
325332
703082
463846
667621
343960
364062
270025
562711
274554
654163
265561
244049
330395
475937
565765
846744
713166
653394
361413
859775
621478
343875
370727
408090
892118
752130
884513
554144
583090
418323
589542
265432
558139
302133
304141
345370
882035
834311
710431
873917
885965
758304
317642
755143
612314
232962
240887
618530
598471
519003
329690
870713
808719
620474
230676
344900
573904
703638
419006
644443
347976
764606
682382
627716
840955
868064
892759
831043
337552
528680
849436
876587
461047
757193
528339
562112
891626
743009
321701
279361
298394
395230
502554
258212
794962
713935
898462
583005
277310
613553
708615
778534
753946
370321
849094
211984
227194
515735
360260
208032
435348
747495
460962
724039
814914
280450
783640
881907
492386
708744
675012
403668
364789
201623
596549
747837
478522
404309
408923
892951
865885
866184
775330
565595
348510
267868
267483
259771
767148
269299
709064
344046
647199
450516
740766
503921
459573
467136
641431
415866
685608
692273
489630
800217
846317
667023
699985
849543
304589
631006
318753
279531
600073
555276
712909
599133
326080
548996
237213
547073
507916
562347
813440
591251
291751
456860
806519
238281
203845
465662
731494
249710
489096
315057
376132
512103
588602
529706
573093
757621
565231
692871
806540
482025
737134
283911
287115
357077
327939
364895
679862
784217
493561
537823
619577
586145
634488
645020
497726
583539
353488
233795
655466
353531
867615
357931
267013
616885
734058
737305
347998
250778
699387
348040
672791
374017
631262
764606
335479
301684
542267
726047
838840
615860
564932
848047
445495
249560
687766
652838
375812
730512
711115
538742
386834
281817
532739
661084
816666
726453
522058
246804
528680
792057
692871
514090
839780
863492
533530
719168
667450
479611
304055
302368
679477
321124
759842
854691
281134
486789
710880
577600
324029
504349
576233
856998
271008
573413
842920
824121
601334
387027
788767
224630
590973
628891
378375
467926
851786
692829
891819
378845
764371
521887
895237
323111
888935
813440
612891
728867
488263
387433
809937
275879
247573
364596
845163
774497
325226
651492
203546
206002
319116
479291
467306
546497
382626
393094
835486
645896
274832
638739
250970
784238
479440
343939
644592
376965
776291
840656
555640
750977
400570
725513
237939
763687
773407
705197
511185
686527
238644
223690
366818
725064
690030
418237
787613
497555
823224
300872
890601
543634
796949
712332
852619
285321
737711
845527
527805
511911
372479
484952
516461
610861
423599
459381
894745
716391
450473
454425
864368
397729
772254
681955
831833
559015
355923
253277
376516
872315
404266
852768
617078
816239
627930
859113
235354
841446
736151
410803
667365
535367
430285
462906
620624
807715
634744
231787
327148
668710
649548
574951
591742
522186
258960
202648
244561
444940
780564
668155
857724
474655
789087
733716
635065
478094
799491
258917
334561
321316
743564
508322
332724
714105
324414
725492
490271
550085
783319
269854
828757
214804
663263
563843
677149
383267
203524
746469
597852
879279
649548
881009
551816
317813
512936
313049
711670
403006
265240
825980
482580
203054
700669
790967
740125
374273
851401
457992
644422
555960
290469
385104
340094
808121
506164
552499
201324
813782
382562
358508
231423
717887
770395
744376
776248
824463
582919
244433
460791
524194
800644
208908
208566
674137
220016
496017
852768
701374
729700
880176
398968
252615
349258
673389
848496
861548
214654
606717
541861
655893
244604
868235
831876
675974
572473
745102
245352
426568
277993
765930
743286
534171
703018
890708
638568
631412
686078
545151
880668
540344
799598
346054
666681
576767
424582
814978
688236
647327
546988
726667
473288
261139
310016
889512
432678
528125
207006
604495
670334
465533
649014
299997
866825
584906
391598
388736
295511
481106
355176
744376
880710
595416
523297
644122
457202
474484
353253
774475
840442
897052
883317
846915
366946
790433
771079
720536
414200
508279
547137
678195
459274
292093
318731
353402
685971
587662
307452
354684
699195
738800
655487
484097
756723
630258
784836
697186
377072
401211
343918
800879
733139
701758
625687
836362
791074
714041
791907
243899
603619
609815
387839
556195
317151
766422
381750
617398
602145
213137
213565
274704
766294
629511
587085
839096
259344
867893
390167
762448
529642
221746
277160
727564
341162
311767
598001
498325
410803
711649
608533
326593
675076
585397
646002
462884
445752
757984
204550
367480
863706
291366
594775
269256
310357
887546
221960
368548
386108
590717
267099
331506
515201
610306
405334
672299
886286
436844
246014
270452
888080
872294
828843
719937
849500
647135
860352
557028
543805
645703
225442
563629
865821
711820
557776
393200
741812
256652
703873
715964
581424
240481
665293
230291
830915
250457
652774
337188
637158
846103
437399
524792
581787
694388
332574
759650
494778
766486
591528
231787
506912
217794
554721
350134
550555
423257
631156
635791
867978
389911
748584
309268
836576
718357
456326
519131
770758
735147
615646
408731
509262
368036
661661
867765
847663
485721
471365
765845
225592
674286
822028
214654
427487
771891
274447
555704
406872
233880
665399
220614
392987
249838
843625
660721
289721
584863
633612
492749
525668
266693
261972
457800
564954
390487
430221
840186
438339
663434
868747
642969
503580
560724
456198
467520
594904
215039
238601
893357
770545
711243
532846
405676
617911
308242
448443
766977
725919
259899
812479
780201
483392
656790
631690
339666
713529
660742
676358
617206
403262
354086
820105
579865
237191
375406
520285
886670
795346
763602
273080
660593
424283
782273
827689
283291
240695
446371
794385
609067
277032
622739
630087
544937
528552
326486
336590
893955
711093
685373
255200
308371
588815
893592
692679
349771
281753
527313
662451
602701
311895
543314
575549
839161
797654
533252
766037
280236
256097
654825
684647
452417
421869
212005
445517
284808
742710
606247
460321
444620
860651
430392
843796
657623
338257
227236
525626
710260
639530
484717
552628
780692
724488
589328
315677
595288
367117
509903
285855
757621
455835
333578
694281
846787
386108
825766
639700
431994
704236
835892
358423
400079
612079
321145
641025
243237
591678
609686
729956
603299
459595
875391
582748
419967
309994
646152
434878
779517
255947
317236
746961
610883
828415
391983
370257
526331
642243
521374
215423
653073
888401
464615
458334
353061
662110
542416
667664
377884
386044
204956
688535
655231
837922
686399
466516
554337
342102
567667
846573
426782
734378
719702
731067
769925
859305
448743
331378
609601
809723
615625
297390
548996
567346
450986
859348
880710
854435
338278
566406
208630
355261
786502
856122
376794
617355
764179
639551
751917
891391
317108
435946
256417
519430
841105
241784
698960
230783
231979
868363
399481
354791
784665
632138
355111
610092
462927
632608
744504
879493
812265
701737
216854
630045
737070
659375
263061
587619
314587
859369
515243
825318
667130
560104
572089
275088
264599
704578
496616
222024
279168
543762
883252
690650
463995
288119
241101
682532
277780
621179
390317
274682
727201
760056
818418
838007
648844
596805
393521
685309
402835
205340
681186
608212
399759
848047
561856
512146
432785
766764
895856
209078
537161
392047
532590
277288
248556
455621
311062
647434
482239
639957
548398
524258
705347
449661
263424
803635
523361
838776
431994
693918
453506
578690
621008
201303
506314
600629
398157
888273
447546
497577
464038
464871
362182
419540
203503
221661
492578
246847
603406
564441
372372
875754
833393
859348
428299
200704
236465
548291
471515
527570
326700
243750
350561
402536
340350
462628
687616
890558
537823
208074
570209
688086
502896
759201
619812
304419
336398
777530
609729
895835
391022
690094
753626
487237
444278
357974
737091
465192
256439
290213
713635
577322
310229
212048
437314
221917
479248
347165
753775
362460
322043
622974
821451
751276
848560
358743
885068
796756
256076
645554
473032
858536
281048
777744
440796
404928
264428
744974
832047
317022
476663
444513
879343
874003
899573
622931
816495
603662
212069
406744
624277
832795
776334
631284
281326
821985
571491
827048
842258
218542
271649
473266
414862
712760
815107
777680
458121
531244
761615
792142
372928
252017
284765
223178
707697
275558
796051
647327
650189
736515
747580
690094
328024
289935
410675
678195
589243
356906
776569
424539
285128
763538
276712
755078
527035
358166
369125
837067
539127
440518
587940
518063
878852
787763
402856
435071
747110
811710
385382
703125
259857
531116
428940
742752
703275
594113
819358
355774
344024
234628
403006
408517
516760
797504
449106
432272
660657
416336
753434
599881
526779
778855
779901
488284
828309
363849
787293
685929
255349
684113
337680
355005
426333
619940
333642
307217
597659
477411
381067
502960
703873
655637
424411
833179
849671
457971
551154
393008
426269
830680
212753
607059
373376
464358
558395
415140
559143
241635
628912
778385
699622
566257
207391
414606
289807
257379
773578
722800
368185
443808
558887
405569
486276
442270
348767
549530
705667
254388
629489
672321
593771
866526
426141
896348
840656
886884
828650
557925
868619
304397
452865
711884
856421
803550
533359
840378
849906
819678
595032
725684
481213
669180
300232
596314
368228
538721
318454
705518
315997
368100
315142
452139
292434
511035
207049
302368
699643
308285
680289
322747
213372
457309
718698
682831
311682
713230
738800
737668
765546
204934
678623
648993
812543
301257
236935
754715
786011
511099
410184
545963
721262
652304
223541
861206
510886
473288
403305
656684
230804
862189
887333
362610
309353
627396
420352
384421
860694
684455
531329
458697
555084
533166
439364
322662
647263
259622
585141
407236
535281
647370
635065
212496
271435
632053
554443
775202
597168
784217
397131
487665
523959
854136
408111
477389
531927
763538
586102
406808
208096
778214
602893
202542
496210
446222
626648
473523
779901
435776
445453
327212
271115
557327
238601
743714
225869
204315
392004
316681
358679
796607
205084
620581
678302
361563
585440
313839
715879
836533
778620
836939
367972
727414
529855
715216
626050
707868
524258
625281
714319
393051
602808
434793
407940
572751
500632
575015
553268
337893
504776
855011
762192
585162
478137
677576
602402
533765
246377
765589
455279
839011
494971
558716
663690
636817
872913
489545
741022
703723
750315
498517
763816
766700
726474
497085
419562
347186
535388
438702
631754
273507
545642
806519
433853
246420
401596
477667
314181
791886
602466
473138
503665
785520
566534
752857
528061
283035
377157
665271
396982
541263
457352
710687
650980
463824
770182
827988
239157
256118
791480
563928
648801
323709
451883
534341
559186
598834
495163
736750
640982
228988
349557
723868
673859
712439
359170
696973
203247
514603
872059
828949
309140
349856
832239
676123
207839
863385
271991
888358
259259
696866
251910
676785
201260
472967
445175
248492
683066
382690
512915
267590
419519
409991
567902
552029
538101
678067
572986
565552
740787
451883
271478
414071
252081
280770
896241
706030
775779
216256
454297
685864
631818
688663
634018
700177
395358
377606
331527
705924
809787
460193
843326
879834
695798
471643
522144
238751
828052
762555
442569
729956
501593
287158
273614
800986
459765
507126
304995
608490
305551
645148
723953
775074
568137
672577
789557
753903
346673
765802
201345
410397
702997
315377
409201
380020
525327
622675
461261
612058
634680
367907
536819
358423
755933
584543
761081
416934
225506
523895
748542
388458
357290
444684
772126
857404
438894
411593
204614
454639
680225
637628
429431
512573
585718
854221
867765
271499
472903
743585
218649
246783
208331
318048
659055
216064
783490
880069
500803
335971
702036
547971
351245
247787
500482
381323
574396
481213
374145
390530
399673
315933
730319
765076
274896
609985
440347
204464
310550
854563
512701
386813
612015
364724
258767
758731
546902
564868
673303
381601
644165
779111
701438
818097
671872
585141
414029
893442
390680
441672
263296
416122
729593
348233
640704
891904
681336
847043
708637
715836
263552
526373
728311
876630
643524
634467
555106
457629
572473
463696
623786
768943
526886
414157
895173
894852
403583
596143
586188
691248
765290
680844
455194
316958
483627
758795
664459
433874
776590
515030
891776
559891
787101
680908
612677
409201
299676
571555
625836
304248
342123
568308
242724
593665
469015
555875
314074
360794
273870
373205
214590
256866
426910
287692
357974
643482
285363
551816
464102
578519
672983
852106
250244
730042
475851
809104
468118
352612
551303
238324
458804
510010
796692
331271
647263
879322
375064
265817
548334
220251
244625
205703
706244
444278
488626
297989
539212
568051
692786
328366
511441
785285
767148
843305
603940
841617
658927
598706
706308
346737
553696
244070
501273
608191
711328
802097
263958
221298
433853
552499
847577
799491
212133
579822
777509
379315
247851
894446
625836
684860
798273
886329
687723
885517
340115
720536
732178
531799
499756
634338
448358
403369
446457
344900
259878
853922
895578
427167
428726
386834
418622
871247
220721
346609
707013
778620
654163
259729
686420
706629
704129
210018
328537
420544
283548
382412
357312
562604
573584
859626
496188
297561
324670
206195
653607
843818
400549
824228
693384
649677
486853
715088
386941
524280
236123
631625
794278
282095
671338
655103
270474
310998
619812
481470
344687
822647
798893
551025
668497
295126
526160
806028
380404
566748
375085
510757
483499
490698
648715
818033
783020
309781
593002
217068
680780
760697
821473
646387
873340
867060
573541
406936
550620
830829
677896
759073
442227
681229
343106
238324
707846
390680
747324
773835
518982
517166
748777
344452
228881
682297
489096
456113
377157
544446
311212
375641
526501
576468
263894
804660
577921
307217
214654
828565
561792
436352
242831
324542
850995
881672
634894
763111
893848
468631
453848
487729
512894
820960
304355
506570
466879
562241
565787
781098
722843
587512
714875
245565
834781
214440
809809
842044
876224
773151
257934
805237
323260
644592
538400
581445
335223
406317
702378
316104
529449
695307
721881
394247
597424
247146
809723
768323
659012
521033
582300
757535
201516
569760
886799
653501
700754
464337
265091
516055
570700
432315
775992
294058
838755
719531
447824
855268
393542
534320
383032
259857
601910
383822
286923
261843
242340
561621
642243
572687
551132
796051
701502
771826
628977
818781
719147
697956
203887
562753
394888
306063
498282
449042
550854
323986
596314
471963
713635
493326
358914
641730
323709
228839
282907
794257
443915
580804
251654
227151
388565
434643
873511
771549
845633
532227
255349
459061
213458
549295
408005
293161
623850
713294
730213
784537
573904
895878
468396
259558
437741
264856
898697
301471
580634
229373
428448
233496
847086
463333
663861
703382
744782
540942
540729
378653
696311
468887
765226
211962
880625
749802
561322
685929
835913
860886
572131
896903
545898
282501
211792
286923
581467
260925
514624
683344
619385
639636
778940
355325
210104
443487
751767
846830
416315
750251
851850
795389
394504
333856
277502
295724
840976
813590
896433
518234
674393
593814
664075
441052
276947
628400
567688
605478
465491
594519
442825
354022
714981
809702
659183
560403
505994
377179
422574
410910
318026
593131
590183
246591
540622
601035
345498
425458
424133
626691
530325
514197
242041
478970
880411
668839
386599
250116
461667
413537
569846
700455
453763
877057
551730
461560
378311
796244
667130
842215
217880
745850
774070
672000
223519
304055
794364
366177
356842
513150
769156
446991
264321
544809
800901
405078
329925
228988
203695
635962
503644
856293
434003
735468
252316
512872
623380
388971
529855
857319
785327
338299
613617
598834
818033
561130
503964
286367
574866
846958
333621
667664
324456
204229
484140
327874
572430
282779
855716
767041
566513
846167
887931
825809
756723
878147
877677
518790
833008
357696
591721
384848
711692
886991
620111
313839
292862
206707
368014
759073
460599
482880
232257
494757
447803
200064
459894
828159
337509
744568
735340
625494
322683
312857
693213
461026
596207
628934
503516
248941
493133
505267
326208
267013
756766
331698
582086
431802
550876
626755
436545
734506
789472
535367
643524
497000
506399
407983
446030
757236
636325
344793
280685
443637
529193
240011
682575
447760
870008
210189
737754
654398
425564
641132
479953
538849
290448
737754
778598
290448
253747
411209
214825
471963
258682
887696
692594
673902
676743
473395
281390
773557
368442
459701
437976
357718
252465
803464
503430
618723
855054
566107
322790
783106
861548
246633
683985
382263
542010
692337
723099
824463
272589
621842
892481
777552
824869
744995
839011
521844
544766
413537
789215
682511
292840
387433
687894
700797
768216
450943
787592
653436
287649
562796
735340
579822
741684
574973
853730
226062
400079
204486
563437
365344
887803
592340
443466
204272
704022
734314
776718
434045
505759
617569
277053
836298
227856
847983
445431
602829
661597
802097
351266
778363
763452
488199
586508
886265
515948
451199
488946
345862
612720
705133
381793
241485
389227
728247
626199
652005
671509
804532
833991
300595
364383
446478
836939
734015
451199
483221
460000
790625
727115
348361
394995
366839
837537
652176
521802
640939
743692
472284
773813
864219
287286
847107
894745
578156
676059
406958
683408
367502
562070
226425
573499
208523
734656
333172
645148
421634
299933
756851
715344
787934
468652
753092
303714
739014
224331
686441
421036
379315
693619
207028
376816
350561
390573
705091
653244
297497
256845
777787
842237
244390
669800
392688
892289
441672
240011
382412
262442
492001
270538
354556
429602
315313
899445
551538
446756
261993
497641
244561
798508
833670
443851
296151
350903
721134
248706
375619
242639
618530
549573
561877
214163
323175
348211
617804
521802
780756
413238
370813
533893
684839
618872
783789
855289
690222
342166
750785
777787
649677
890622
402002
702762
833179
881864
352206
633334
239135
347250
677149
882612
857148
281518
252294
295062
491232
810172
238174
227835
503430
796500
446905
488989
586743
660101
773920
379315
627011
728781
629831
834867
662921
395871
856144
516824
803891
204507
359662
745786
514581
231060
349963
227258
526117
389398
713935
765183
482815
227920
712097
710517
484161
341333
431055
841532
331207
868811
476236
822925
436844
600693
539532
440454
309396
565274
626135
558032
668732
218008
674841
494266
204379
604453
256268
765012
735083
519281
383609
889170
579053
733075
719724
504434
394311
208651
515543
489780
598535
779004
763794
441778
627823
708658
502597
401340
843668
610156
853132
378140
547501
737946
625922
669180
612293
531030
580121
718698
690564
426611
869965
216000
207968
716605
363058
878489
802118
268722
564484
716327
515970
383972
431653
225848
504904
512787
213650
408710
567175
201196
600052
863236
756873
289337
612976
245330
789023
233816
827433
345520
495975
676187
653565
679050
744397
428918
466003
235995
372693
501230
813910
288098
457629
836469
396618
399566
269940
282608
439151
438125
428235
868448
351736
733802
410397
306491
707996
581851
332083
395251
526010
537076
451541
542224
686826
296087
610135
579715
474377
414584
768024
295211
471686
356479
644443
248535
897501
421698
321594
397024
217474
749546
522037
401318
614920
744696
218499
233154
654740
522272
785883
757086
625580
719297
354449
808292
894019
869217
873768
238131
555768
386343
346994
549081
517593
257186
444299
691654
794876
385339
555490
644251
358850
487259
790647
548654
518191
885175
388479
322406
568970
594498
741706
820447
697635
252508
898676
267334
871332
284936
350839
332638
899766
457693
465298
870627
203268
310272
471878
496637
371240
318048
364041
221939
645361
479974
323004
718592
611993
378824
624533
236764
238217
210830
737732
545877
335672
531436
875156
621671
586786
214141
503686
851145
317727
869410
575571
276989
552200
420245
488818
553738
630985
881714
736621
537076
530988
440732
854926
778705
768686
483627
827668
448038
521930
467905
458954
353274
554935
785135
671616
882996
380319
512060
541605
840848
442932
396661
327319
694730
859797
775949
803571
812500
500354
572559
759394
306085
541605
366968
469101
355902
882462
291964
395828
837473
551453
646771
837302
421890
292669
877057
872742
872358
263723
618317
220700
508386
830552
548996
266864
659760
793296
450558
871482
281903
327447
621265
415481
454681
874942
540494
595096
236529
869431
230548
323837
695670
529983
312793
551559
690415
607892
605029
860032
520221
620645
256909
543976
519751
357611
670355
437485
217367
391855
201708
694751
530283
482281
792826
584821
618018
700583
827518
409372
266223
667536
660486
403326
822605
332574
715793
227407
856827
481534
401275
211877
566406
806626
836234
261309
600308
722992
739014
379251
222216
766486
371347
822519
785349
656705
786652
244241
540601
260028
678580
335202
750058
236636
477283
622888
727628
206195
589926
337338
378546
316424
632373
803550
460107
549103
549039
769455
234799
847492
667642
529193
238345
600052
885837
250735
734165
564484
236486
667450
776313
866633
528616
642819
352462
258447
610776
467926
729444
769648
353680
500803
572345
537247
899231
507190
459894
647370
672406
512039
767319
373739
303286
821152
639145
347314
555875
622247
523233
641217
810471
525027
588388
705603
396960
749247
297241
736536
525198
320739
556174
213650
710004
884043
414371
890537
737220
891819
233688
872571
667877
579565
501379
366284
827390
685843
507425
834931
576553
626776
758347
644422
611139
784430
749481
434045
587277
618466
867572
296365
319180
760483
745294
600757
546176
800260
740146
444748
316018
223327
258831
667771
281305
509412
299847
511505
555725
450921
435348
461410
327340
200939
404736
353467
475339
509988
741620
380960
287628
761273
705988
385296
725684
463248
543655
865436
433810
809467
744547
390167
439706
464487
422018
547864
242938
385830
784964
517700
538486
640854
424454
797119
872101
528168
286987
269577
474377
362909
856122
547202
370471
835337
314459
372543
312066
401938
707483
314010
528979
618552
781867
538998
446756
274939
719318
699665
867423
839951
238345
815021
360196
577002
585632
284338
759030
538827
289038
215893
613895
501273
793808
605478
592596
345263
654248
349194
380063
346353
702356
724658
572067
481341
265753
725299
309973
611203
556174
281839
653735
249795
200961
455472
239776
477603
439215
537183
220721
410162
754267
737390
833884
580057
364789
600415
295190
742475
346032
428171
765802
263168
803293
747452
587875
498474
469229
804981
636582
526694
847385
224908
485272
340201
573199
612976
330523
757770
314822
741684
474164
866227
385339
300958
308734
451050
888550
248471
503815
525284
569910
744376
539746
315933
694602
804383
885538
617484
324691
655850
568115
671637
517187
431290
829740
582962
314822
383288
720130
629511
651514
455728
220678
378012
444363
895322
247210
863001
293994
338022
428427
838883
865287
754480
806775
865094
870029
289209
658585
632779
623892
877634
580570
493219
699109
475296
339303
296664
244882
284082
730619
201644
597702
309054
545984
763388
552798
331122
392474
661447
819379
629276
263317
575336
530945
637094
506079
367907
532654
367694
784922
885645
517999
691825
384271
335415
536114
303094
750443
746854
241934
854862
318432
479932
811155
603320
720194
887055
791458
640854
422018
288888
612335
554379
487195
573584
725086
592661
611310
278570
394995
477368
326849
864240
317535
741919
323880
739163
680503
232705
584052
245864
643823
557050
774326
566983
659076
612015
297754
860587
300595
378866
647733
384613
729871
617249
463098
819443
265261
843518
630451
848154
578861
427679
731003
603619
792398
293161
678516
342187
494009
254068
745359
452994
847770
673923
523511
462308
317962
680545
517508
642499
779752
221405
615903
384869
238345
293780
538464
445624
528403
233923
705838
424539
615497
399972
228433
685651
371859
732798
261630
779175
847663
728974
323986
774347
710410
410611
725534
362225
773749
826151
802695
738117
887909
866633
507126
622717
413559
831705
645105
531650
550790
429922
214184
352569
845505
247445
834504
839139
744568
669843
621008
381622
621927
291067
793958
462927
547736
394140
374273
660016
321722
737989
860886
799662
443402
234478
436481
228091
540601
350604
299228
603983
528146
319479
566663
773877
318860
895151
649036
639765
558524
835230
438894
477923
206622
745893
413623
718613
435113
573434
498068
545749
866547
477048
684049
326230
423941
466879
453293
627866
713999
841980
701374
735959
415481
212454
308691
627054
294912
840058
856186
210018
321145
581787
431845
493326
800943
770887
525732
488156
207263
219268
659589
806455
222238
476236
548526
763794
866590
227536
541370
645725
437613
469165
536478
847727
627246
440539
720172
447482
742368
350967
824442
219332
299206
684198
550833
750016
213458
815342
657410
665186
858344
724274
355838
325973
512231
840314
315057
605200
867850
302069
618829
702249
724744
567410
873874
706394
637244
657346
215338
267504
339346
768601
206750
484012
518854
538998
681165
366989
562091
300402
620175
590204
341803
702997
418280
285043
469314
645896
828714
290170
683515
797995
538208
714896
597980
743820
267227
625879
378631
538336
642755
316275
673325
305508
340393
667194
765589
264642
642542
760163
574204
419134
509882
850589
570529
891840
212689
661255
335650
741492
418985
805301
328814
444684
786374
797995
589349
277353
354599
766977
244006
480829
285449
319842
641153
346161
746982
278891
584351
701438
889042
742261
486447
636432
706800
480594
416763
649057
439258
229138
462778
247531
499670
884064
278335
793360
384591
562775
640235
218884
258447
437420
385254
204058
860758
201132
649057
546881
532590
776056
679370
611524
409137
722949
644891
789109
475510
461346
612122
754801
332510
760034
611609
756232
669031
506805
766016
617142
388501
517273
801392
591122
785541
891755
713700
849094
520435
779944
512616
235845
487601
662451
814316
879023
225634
608746
805024
385830
765055
220871
247573
611118
461368
722180
652411
731729
809659
200769
385232
811069
388138
666467
532953
388693
227130
431418
200021
778919
850568
272952
856849
513129
286816
388736
512210
309823
595737
503067
831641
707120
708808
434003
273507
341909
629126
880710
564868
410055
388501
340008
288653
891968
607871
512189
804404
378055
658713
704727
374273
478372
571640
593707
316061
750721
589371
252444
455429
531757
311041
706137
698917
605393
424496
222537
699665
792932
573477
797568
438019
399075
556900
445538
688385
398584
506464
453165
594647
297583
240268
406872
425863
454147
438510
352633
434003
692380
238794
397986
385788
394482
897480
315121
490442
704984
314245
655060
595160
731858
666446
231637
470276
278570
650574
585162
855887
291558
877079
384933
391940
257486
216085
879920
703617
534833
440433
457052
763752
453869
462991
816645
504391
869559
315377
724060
399161
601996
364554
547116
888486
348211
514474
538657
269427
700177
289614
673645
521973
853367
347207
399994
793915
739890
714875
512808
615711
570935
500995
611096
267825
522720
674265
646579
771784
850461
659461
723825
727393
264535
846296
661041
867508
553354
358316
471258
252615
587384
778513
472562
576895
288397
278741
787656
407577
498773
749652
341354
729700
434729
478180
715836
818033
358380
569247
272824
207861
652454
458783
702164
486810
732477
214740
206130
279446
880625
373184
378888
246398
635599
206109
290362
270196
322897
567966
634104
749289
759970
317898
548248
672513
720493
864368
869217
895621
492194
828992
627310
391897
612720
276797
543762
898526
617612
709513
338492
730939
885132
668625
807929
886692
512060
445581
282437
710858
604965
345498
622461
644827
321231
401425
463077
530453
644251
686270
665997
491189
427359
318860
388778
562518
390338
611353
330117
492941
303628
654569
661127
787976
843924
588516
401639
818781
255926
854563
450986
667215
804618
776355
232663
429324
452139
866398
662238
849180
844031
304995
597894
404715
738928
288675
882911
417789
366220
494629
339624
709897
546069
758325
623914
875925
355880
811197
800110
897330
278207
375000
645105
766977
613702
859925
541541
547287
694196
463376
869068
533765
579630
716049
653415
845548
273870
872593
482260
815064
243216
293203
347528
298565
372329
613510
223605
479504
441800
549338
340307
686377
661768
333258
560767
697229
445987
229992
722800
852597
260733
327298
653778
348639
532761
749268
318026
732392
350988
389099
206195
271136
445944
308029
326016
217559
581702
797269
703830
242874
744312
349942
356137
559314
461368
240033
440817
604410
737091
554678
847022
608511
837003
477496
833393
817606
707035
568884
674008
493368
561002
241143
221041
562134
721005
774454
444086
834803
245394
771057
355090
569482
227963
694473
278314
298950
503665
590418
374978
394375
544489
636517
481662
587640
280108
517615
671893
823844
427914
273529
200534
665955
866462
716007
539917
423620
836832
462158
367630
527591
206387
280813
814765
222216
679135
598706
434451
497449
587170
763880
299847
432336
347549
612378
791053
272012
319009
335779
680075
409884
442718
596143
373654
497000
201837
285299
322897
450452
583731
875242
659439
582642
279660
756723
767105
523318
406125
412832
649036
456348
882248
424283
698895
842878
647540
553525
336398
653009
254559
804361
515607
777680
820682
804148
766294
742731
673453
505096
676871
296920
473865
652133
679114
296023
651962
413452
843262
454382
539084
421377
243429
286538
531180
219824
502490
809937
567581
465597
675781
731388
459531
280215
383096
788532
252871
799213
448251
868726
559485
415780
455621
776697
341290
465662
683194
473160
481961
549979
821195
856443
830017
843262
835871
208352
448080
383096
587811
676892
652646
288632
764179
317257
278463
204507
333963
463119
252273
417489
786203
450003
610007
742154
459808
362738
741962
223028
425073
628912
700220
649677
325802
229821
352826
431781
741471
551410
518982
731089
278997
546411
769626
596997
453378
730170
827903
202819
266522
281497
253726
829441
543698
570871
547009
393350
636966
787506
853687
465832
555042
387433
509155
480316
228860
334283
303329
674628
572217
354770
301770
665122
846979
280600
807267
499457
492108
598962
796137
885068
625964
483072
413922
339944
781162
325076
464252
662900
781504
742731
576126
270004
520200
882312
883039
794001
548953
588944
499136
893827
436972
866846
426184
570914
609644
200918
676145
439172
425970
761914
643460
345562
304355
366690
211450
688193
655893
315698
827497
328708
534705
779602
530859
745871
664609
556494
368057
527228
451626
872294
779773
345819
641474
645404
493881
418579
531671
388202
308819
793637
697379
766657
501935
462991
840635
390487
546796
747837
222088
555255
374273
553076
784729
508600
661298
838157
829120
762299
682233
300894
349237
822178
306662
321359
288354
457651
478351
462564
724701
682639
359619
474740
545706
270175
875562
600436
820639
772040
242297
726859
430755
465555
314032
682639
866611
699643
232769
825916
351544
861399
415503
320227
501016
535879
363058
645661
